   2     3     4     5     6     7     8     9     10    11    12    13    14    15    16     17     18    19     20    21     22     23     24
10.76 37.06 66.18 78.14 89.25 93.06 96.70 97.92 98.84 99.40 99.68 99.86 99.93 99.97 99.99 100.00 100.00 99.99 100.00 99.99 100.00 100.00 100.00
 2.90 20.14 46.41 64.20 76.91 86.27 90.32 95.09 96.86 98.30 98.73 99.33 99.52 99.75 99.82  99.95  99.92 99.99 100.00 99.98 100.00 100.00 100.00
 0.00  8.92 31.04 47.61 63.77 74.27 83.66 88.73 93.30 95.64 97.06 98.45 99.03 99.39 99.57  99.80  99.91 99.96  99.97 99.95  99.99  99.97 100.00
 0.00  0.00 20.93 34.62 50.15 63.28 73.67 81.50 87.41 91.38 94.12 96.47 97.47 98.53 99.00  99.32  99.68 99.76  99.83 99.89  99.96  99.97  99.98
 0.00  0.00  0.00 24.20 35.18 52.22 62.62 72.20 80.11 86.11 90.29 93.79 95.52 96.87 98.03  98.62  99.07 99.49  99.53 99.83  99.83  99.95  99.94
 0.00  0.00  0.00  0.00 26.58 35.73 53.78 62.64 72.53 80.01 84.99 89.61 92.66 95.18 96.55  97.50  98.30 98.98  99.29 99.57  99.70  99.75  99.83
 0.00  0.00  0.00  0.00  0.00 28.49 35.07 53.46 60.94 71.90 78.44 84.12 87.83 91.01 94.31  95.77  97.12 98.07  98.66 99.03  99.46  99.58  99.82
 0.00  0.00  0.00  0.00  0.00  0.00 29.27 35.09 54.00 59.49 70.62 77.62 83.43 87.39 91.30  93.26  95.40 96.86  97.91 98.46  98.96  99.33  99.56
 0.00  0.00  0.00  0.00  0.00  0.00  0.00 29.33 33.73 53.12 59.05 70.64 75.43 83.20 87.14  90.85  92.89 94.92  96.16 97.45  98.15  98.81  99.20
 0.00  0.00  0.00  0.00  0.00  0.00  0.00  0.00 29.67 34.47 52.62 58.41 70.41 75.65 82.34  86.05  90.27 92.36  94.69 96.16  96.91  97.96  98.64
 0.00  0.00  0.00  0.00  0.00  0.00  0.00  0.00  0.00 29.76 32.78 52.18 57.35 70.01 74.44  82.16  85.38 88.91  91.88 94.27  95.52  97.09  97.64
 0.00  0.00  0.00  0.00  0.00  0.00  0.00  0.00  0.00  0.00 29.52 32.30 52.40 56.60 69.56  73.29  80.75 84.49  88.90 90.84  93.51  95.29  96.43
 0.00  0.00  0.00  0.00  0.00  0.00  0.00  0.00  0.00  0.00  0.00 29.94 32.00 51.62 56.33  69.07  73.06 80.84  83.60 88.59  90.77  93.32  94.93
 0.00  0.00  0.00  0.00  0.00  0.00  0.00  0.00  0.00  0.00  0.00  0.00 30.04 32.01 53.03  54.98  68.33 71.39  80.24 83.17  88.46  90.33  92.87
 0.00  0.00  0.00  0.00  0.00  0.00  0.00  0.00  0.00  0.00  0.00  0.00  0.00 29.09 32.12  52.09  54.95 68.56  71.52 79.57  82.57  87.28  89.64
 0.00  0.00  0.00  0.00  0.00  0.00  0.00  0.00  0.00  0.00  0.00  0.00  0.00  0.00 29.24  30.69  50.69 54.92  67.70 70.05  78.65  82.28  87.36
 0.00  0.00  0.00  0.00  0.00  0.00  0.00  0.00  0.00  0.00  0.00  0.00  0.00  0.00  0.00  29.45  30.79 50.77  54.09 67.01  70.28  78.70  81.69
 0.00  0.00  0.00  0.00  0.00  0.00  0.00  0.00  0.00  0.00  0.00  0.00  0.00  0.00  0.00   0.00  28.88 31.60  50.80 52.85  65.99  69.68  77.30
 0.00  0.00  0.00  0.00  0.00  0.00  0.00  0.00  0.00  0.00  0.00  0.00  0.00  0.00  0.00   0.00   0.00 28.78  31.05 50.42  52.95  65.42  68.98
 0.00  0.00  0.00  0.00  0.00  0.00  0.00  0.00  0.00  0.00  0.00  0.00  0.00  0.00  0.00   0.00   0.00  0.00  28.24 30.09  49.54  52.89  65.63
 0.00  0.00  0.00  0.00  0.00  0.00  0.00  0.00  0.00  0.00  0.00  0.00  0.00  0.00  0.00   0.00   0.00  0.00   0.00 28.26  30.16  49.84  51.60
 0.00  0.00  0.00  0.00  0.00  0.00  0.00  0.00  0.00  0.00  0.00  0.00  0.00  0.00  0.00   0.00   0.00  0.00   0.00  0.00  28.20  29.08  49.82
 0.00  0.00  0.00  0.00  0.00  0.00  0.00  0.00  0.00  0.00  0.00  0.00  0.00  0.00  0.00   0.00   0.00  0.00   0.00  0.00   0.00  27.80  28.89